0;;
1;;
2;[ 0.99999319 -0.00235987 -0.00283586  0.00720542] [ 0.00235238  0.99999374 -0.00264197 -0.01077409] [0.00284208 0.00263528 0.99999249 0.97250647] [0. 0. 0. 1.];[ 0.99999319 -0.00235987 -0.00283586  0.00720542] [ 0.00235238  0.99999374 -0.00264197 -0.01077409] [0.00284208 0.00263528 0.99999249 0.97250647] [0. 0. 0. 1.]
3;[ 0.99998604 -0.00215221 -0.00482664  0.00552808] [ 0.00213456  0.99999103 -0.00365843 -0.03347635] [0.00483447 0.00364808 0.99998166 1.45724584] [0. 0. 0. 1.];[ 0.99998604 -0.00215221 -0.00482664  0.00552808] [ 0.00213456  0.99999103 -0.00365843 -0.03347635] [0.00483447 0.00364808 0.99998166 1.45724584] [0. 0. 0. 1.]
4;[ 0.99998605 -0.00229564 -0.00475757 -0.00221189] [ 0.00227889  0.9999912  -0.00352321 -0.03502557] [0.00476562 0.00351232 0.99998248 1.46607431] [0. 0. 0. 1.];[ 0.99997078 -0.00504794 -0.00574046 -0.01354729] [ 0.005017    0.99997289 -0.00539018 -0.03447527] [0.00576751 0.00536122 0.999969   1.92935742] [0. 0. 0. 1.]
5;[ 0.99997274 -0.00474732 -0.00565591 -0.01880674] [ 0.004717    0.9999745  -0.00536141 -0.03843809] [0.00568122 0.00533458 0.99996963 1.92675824] [0. 0. 0. 1.];[ 0.99994321 -0.00666387 -0.00831724  0.00455714] [ 0.00660988  0.99995701 -0.00650242 -0.06898849] [0.00836022 0.00644708 0.99994427 2.41799075] [0. 0. 0. 1.]
6;[ 0.99994342 -0.00707395 -0.00794473 -0.0136122 ] [ 0.00702081  0.99995293 -0.00669612 -0.06271119] [0.00799173 0.00663997 0.99994602 2.42552435] [0. 0. 0. 1.];[ 0.99993013 -0.00837463 -0.00834297 -0.02517719] [ 0.0083068   0.99993243 -0.00813255 -0.05782516] [0.00841051 0.00806267 0.99993213 2.89630733] [0. 0. 0. 1.]
7;[ 0.99992358 -0.00852231 -0.00895578 -0.01963959] [ 0.00844602  0.99992802 -0.00852188 -0.04963313] [0.00902776 0.00844558 0.99992358 2.89880874] [0. 0. 0. 1.];[ 0.99992141 -0.0088304  -0.00889902 -0.06142068] [ 0.00875809  0.99992858 -0.00813232 -0.05646964] [0.0089702  0.00805374 0.99992733 3.41868088] [0. 0. 0. 1.]
8;[ 0.99992358 -0.00852231 -0.00895578 -0.01963959] [ 0.00844602  0.99992802 -0.00852188 -0.04963313] [0.00902776 0.00844558 0.99992358 2.89880874] [0. 0. 0. 1.];[ 0.99990775 -0.00824198 -0.01079642 -0.04042072] [ 0.00816253  0.99993943 -0.00738273 -0.09294327] [0.01085661 0.00729392 0.99991446 3.88602644] [0. 0. 0. 1.]
9;[ 0.9999098  -0.00824047 -0.01060611 -0.05272001] [ 0.0081607   0.99993825 -0.00754268 -0.09041092] [0.01066761 0.00745544 0.99991531 3.88886406] [0. 0. 0. 1.];[ 0.99989778 -0.00780773 -0.01197754 -0.03818904] [ 0.00768088  0.99991431 -0.01060061 -0.10100504] [0.01205928 0.01050753 0.99987207 4.39868319] [0. 0. 0. 1.]
10;[ 0.9999098  -0.00824047 -0.01060611 -0.05272001] [ 0.0081607   0.99993825 -0.00754268 -0.09041092] [0.01066761 0.00745544 0.99991531 3.88886406] [0. 0. 0. 1.];[ 0.99991139 -0.00611395 -0.01182534 -0.08596476] [ 0.0059522   0.9998889  -0.01366567 -0.12580294] [0.01190757 0.01359407 0.99983669 4.89891822] [0. 0. 0. 1.]
11;[ 0.99991139 -0.00611395 -0.01182534 -0.08596476] [ 0.0059522   0.9998889  -0.01366567 -0.12580294] [0.01190757 0.01359407 0.99983669 4.89891822] [0. 0. 0. 1.];[ 0.99990958 -0.00561349 -0.01221963 -0.11309848] [ 0.00538803  0.99981609 -0.01840545 -0.11333388] [0.0123207  0.01833795 0.99975593 5.43123987] [0. 0. 0. 1.]
12;[ 0.99991017 -0.00577601 -0.01209491 -0.08643527] [ 0.00560496  0.99988447 -0.01412894 -0.12142333] [0.01217512 0.01405988 0.99982703 4.90407402] [0. 0. 0. 1.];[ 0.99990587 -0.00272884 -0.01344634 -0.1217469 ] [ 0.00247053  0.9998128  -0.0191903  -0.12037344] [0.01349619 0.01915528 0.99972543 5.96261898] [0. 0. 0. 1.]
13;[ 0.99990587 -0.00272884 -0.01344634 -0.1217469 ] [ 0.00247053  0.9998128  -0.0191903  -0.12037344] [0.01349619 0.01915528 0.99972543 5.96261898] [0. 0. 0. 1.];[ 9.99892649e-01 -2.73507825e-04 -1.46497982e-02 -1.41359871e-01] [ 9.58511000e-05  9.99926470e-01 -1.21262356e-02 -1.35887657e-01] [0.01465204 0.01212353 0.99981915 6.53759464] [0. 0. 0. 1.]
14;[ 0.99989674 -0.00254193 -0.01414371 -0.11441512] [ 0.00226609  0.99980758 -0.01948488 -0.11636621] [0.01419051 0.01945082 0.99971011 5.96008234] [0. 0. 0. 1.];[ 9.99879853e-01  2.34053296e-04 -1.54991694e-02 -1.43545227e-01] [-2.61585675e-04  9.99998392e-01 -1.77437423e-03 -1.41196808e-01] [1.54987292e-02 1.77821540e-03 9.99878306e-01 7.07873190e+00] [0. 0. 0. 1.]
15;[ 9.99880808e-01  4.47571454e-04 -1.54327661e-02 -1.61375186e-01] [-4.77248398e-04  9.99998044e-01 -1.91935354e-03 -1.40925183e-01] [1.54318769e-02 1.92649003e-03 9.99879066e-01 7.08620484e+00] [0. 0. 0. 1.];[ 9.99854870e-01  6.98732442e-04 -1.70220714e-02 -1.36413987e-01] [-6.22786724e-04  9.99989831e-01  4.46649508e-03 -1.45101026e-01] [ 1.70250192e-02 -4.45524574e-03  9.99845138e-01  7.65755469e+00] [0. 0. 0. 1.]
16;[ 9.99880808e-01  4.47571454e-04 -1.54327661e-02 -1.61375186e-01] [-4.77248398e-04  9.99998044e-01 -1.91935354e-03 -1.40925183e-01] [1.54318769e-02 1.92649003e-03 9.99879066e-01 7.08620484e+00] [0. 0. 0. 1.];[ 0.99984662  0.00343495 -0.01717394 -0.18754615] [-0.00336199  0.99998521  0.00427525 -0.17585218] [ 1.71883668e-02 -4.21686000e-03  9.99843377e-01  8.24527892e+00] [0. 0. 0. 1.]
17;[ 0.99983845  0.00420621 -0.01747503 -0.19146732] [-0.00413244  0.99998241  0.00425521 -0.18035714] [ 1.74926241e-02 -4.18230880e-03  9.99838245e-01  8.24251217e+00] [0. 0. 0. 1.];[ 0.9997953   0.00718587 -0.01891373 -0.17311484] [-0.00723355  0.99997083 -0.0024539  -0.19451776] [1.88955430e-02 2.59020953e-03 9.99818108e-01 8.80613977e+00] [0. 0. 0. 1.]
18;[ 0.99983845  0.00420621 -0.01747503 -0.19146732] [-0.00413244  0.99998241  0.00425521 -0.18035714] [ 1.74926241e-02 -4.18230880e-03  9.99838245e-01  8.24251217e+00] [0. 0. 0. 1.];[ 0.99980297  0.00656572 -0.01873269 -0.21122481] [-0.00674429  0.99993227 -0.00948543 -0.18030495] [0.01866915 0.0096099  0.99977953 9.41020644] [0. 0. 0. 1.]
19;[ 0.99979731  0.00564141 -0.01932642 -0.21512551] [-0.00582481  0.99993841 -0.00944659 -0.17799957] [0.01927194 0.00955724 0.9997686  9.42309491] [0. 0. 0. 1.];[ 0.9998013   0.00602626 -0.01900127 -0.24955828] [-0.00616961  0.99995288 -0.00749443 -0.20032797] [1.89552141e-02 7.61017073e-03 9.99791371e-01 1.00691387e+01] [0. 0. 0. 1.]
20;[ 0.99979731  0.00564141 -0.01932642 -0.21512551] [-0.00582481  0.99993841 -0.00944659 -0.17799957] [0.01927194 0.00955724 0.9997686  9.42309491] [0. 0. 0. 1.];[ 0.99980211  0.00418532 -0.01944803 -0.26093817] [-0.00413165  0.99998755  0.00279904 -0.21625073] [ 1.94594980e-02 -2.71813866e-03  9.99806951e-01  1.07082078e+01] [0. 0. 0. 1.]
21;[ 0.99978679  0.00273225 -0.02046734 -0.26200139] [-0.00269282  0.99999447  0.0019536  -0.19800432] [ 2.04725654e-02 -1.89806593e-03  9.99788613e-01  1.07003495e+01] [0. 0. 0. 1.];[ 0.99980226  0.00306538 -0.01964817 -0.27442136] [-0.00287894  0.99995063  0.00951052 -0.20975449] [ 1.96763539e-02 -9.45207192e-03  9.99761721e-01  1.13678841e+01] [0. 0. 0. 1.]
22;[ 0.99978679  0.00273225 -0.02046734 -0.26200139] [-0.00269282  0.99999447  0.0019536  -0.19800432] [ 2.04725654e-02 -1.89806593e-03  9.99788613e-01  1.07003495e+01] [0. 0. 0. 1.];[ 0.99977894  0.00156569 -0.02096696 -0.29292925] [-0.00133418  0.99993804  0.01105151 -0.19951511] [ 2.09829620e-02 -1.10210896e-02  9.99719086e-01  1.20472588e+01] [0. 0. 0. 1.]
23;[ 0.99977894  0.00156569 -0.02096696 -0.29292925] [-0.00133418  0.99993804  0.01105151 -0.19951511] [ 2.09829620e-02 -1.10210896e-02  9.99719086e-01  1.20472588e+01] [0. 0. 0. 1.];[ 9.99781420e-01  2.47733253e-05 -2.09072374e-02 -3.00951577e-01] [ 1.97158032e-04  9.99943662e-01  1.06129214e-02 -2.11829392e-01] [ 2.09063225e-02 -1.06147236e-02  9.99725089e-01  1.27288880e+01] [0. 0. 0. 1.]
24;[ 0.99977586  0.00134804 -0.02112828 -0.30370182] [-0.00110224  0.99993163  0.01164136 -0.20624353] [ 2.11425249e-02 -1.16154619e-02  9.99708995e-01  1.20289250e+01] [0. 0. 0. 1.];[ 0.99974057  0.00175276 -0.02270966 -0.27811084] [-0.00154324  0.99995612  0.0092401  -0.23473462] [ 2.27248621e-02 -9.20265767e-03  9.99699401e-01  1.33645274e+01] [0. 0. 0. 1.]
25;[ 9.99750912e-01 -2.16709911e-04 -2.23173931e-02 -3.03437877e-01] [ 4.21548501e-04  9.99957828e-01  9.17413273e-03 -2.21835925e-01] [ 2.23144638e-02 -9.18125543e-03  9.99708842e-01  1.33534271e+01] [0. 0. 0. 1.];[ 0.99976629  0.00449596 -0.02114616 -0.31760731] [-0.00438852  0.99997724  0.00512451 -0.22709398] [ 2.11687230e-02 -5.03051396e-03  9.99763262e-01  1.41115444e+01] [0. 0. 0. 1.]
26;[ 9.99750912e-01 -2.16709911e-04 -2.23173931e-02 -3.03437877e-01] [ 4.21548501e-04  9.99957828e-01  9.17413273e-03 -2.21835925e-01] [ 2.23144638e-02 -9.18125543e-03  9.99708842e-01  1.33534271e+01] [0. 0. 0. 1.];[ 9.99807717e-01  4.54459648e-04 -1.96041437e-02 -3.69713788e-01] [-4.54553432e-04  9.99999897e-01 -3.27933690e-07 -2.33531942e-01] [1.96041415e-02 9.23900142e-06 9.99807820e-01 1.48085232e+01] [0. 0. 0. 1.]
27;[ 9.99789379e-01 -8.55177268e-04 -2.05052973e-02 -3.64384335e-01] [ 8.64811794e-04  9.99999520e-01  4.60992507e-04 -2.34700399e-01] [ 2.05048932e-02 -4.78628635e-04  9.99789638e-01  1.47945673e+01] [0. 0. 0. 1.];[ 0.99980706 -0.0010064  -0.01961692 -0.33889139] [ 8.85320421e-04  9.99980512e-01 -6.17993430e-03 -2.51913501e-01] [1.96227601e-02 6.16137470e-03 9.99788470e-01 1.54970212e+01] [0. 0. 0. 1.]
28;[ 9.99789379e-01 -8.55177268e-04 -2.05052973e-02 -3.64384335e-01] [ 8.64811794e-04  9.99999520e-01  4.60992507e-04 -2.34700399e-01] [ 2.05048932e-02 -4.78628635e-04  9.99789638e-01  1.47945673e+01] [0. 0. 0. 1.];[ 0.99980982 -0.00382767 -0.01912282 -0.37187744] [ 0.00358835  0.99991501 -0.01253383 -0.2331131 ] [1.91691735e-02 1.24628281e-02 9.99738576e-01 1.62728110e+01] [0. 0. 0. 1.]
29;[ 0.99981067 -0.00319262 -0.01919482 -0.39208857] [ 0.00296063  0.99992238 -0.01210224 -0.23840536] [1.92319631e-02 1.20431165e-02 9.99742514e-01 1.62509901e+01] [0. 0. 0. 1.];[ 0.99983017 -0.00198639 -0.01832188 -0.40816215] [ 0.00176554  0.99992569 -0.01206256 -0.25807287] [1.83444803e-02 1.20281603e-02 9.99759373e-01 1.70632202e+01] [0. 0. 0. 1.]
30;[ 0.99981067 -0.00319262 -0.01919482 -0.39208857] [ 0.00296063  0.99992238 -0.01210224 -0.23840536] [1.92319631e-02 1.20431165e-02 9.99742514e-01 1.62509901e+01] [0. 0. 0. 1.];[ 0.99980034 -0.00247602 -0.01982816 -0.40901181] [ 0.00225181  0.99993337 -0.01132201 -0.28871401] [1.98548720e-02 1.12751001e-02 9.99739294e-01 1.77703489e+01] [0. 0. 0. 1.]
31;[ 0.99980034 -0.00247602 -0.01982816 -0.40901181] [ 0.00225181  0.99993337 -0.01132201 -0.28871401] [1.98548720e-02 1.12751001e-02 9.99739294e-01 1.77703489e+01] [0. 0. 0. 1.];[ 9.99806795e-01 -1.31217771e-04 -1.96559416e-02 -4.32026835e-01] [-1.21220359e-04  9.99917542e-01 -1.28410988e-02 -3.04850995e-01] [1.96560058e-02 1.28410006e-02 9.99724337e-01 1.85808937e+01] [0. 0. 0. 1.]
32;[ 0.99979846 -0.00174903 -0.01999956 -0.42184453] [ 0.0015134   0.99992934 -0.01179077 -0.27956023] [2.00187708e-02 1.17581257e-02 9.99730461e-01 1.77503509e+01] [0. 0. 0. 1.];[ 0.9998048   0.00168335 -0.0196858  -0.45216763] [-0.00196447  0.99989625 -0.01426991 -0.33340646] [1.96597336e-02 1.43058002e-02 9.99704376e-01 1.93454511e+01] [0. 0. 0. 1.]
33;[ 0.9998048   0.00168335 -0.0196858  -0.45216763] [-0.00196447  0.99989625 -0.01426991 -0.33340646] [1.96597336e-02 1.43058002e-02 9.99704376e-01 1.93454511e+01] [0. 0. 0. 1.];[ 0.99979595  0.00754045 -0.01874039 -0.51052961] [-0.00784442  0.999838   -0.01619985 -0.33498455] [1.86152032e-02 1.63435533e-02 9.99693134e-01 2.01642111e+01] [0. 0. 0. 1.]
34;[ 0.99981348  0.00208882 -0.01920014 -0.48151397] [-0.00237368  0.99988728 -0.01482572 -0.32538617] [1.91670044e-02 1.48685273e-02 9.99705733e-01 1.93306687e+01] [0. 0. 0. 1.];[ 0.99977765  0.00775563 -0.01960888 -0.51060988] [-0.00805628  0.99985049 -0.01530019 -0.37517588] [1.94872889e-02 1.54547668e-02 9.99690650e-01 2.09503323e+01] [0. 0. 0. 1.]
35;[ 0.99977782  0.00786893 -0.01955462 -0.52898182] [-0.00817688  0.99984302 -0.01571856 -0.3688001 ] [1.94278575e-02 1.58749634e-02 9.99685222e-01 2.09406685e+01] [0. 0. 0. 1.];[ 0.99978168  0.0075653  -0.01947732 -0.54239757] [-0.00785992  0.99985518 -0.01509455 -0.40104334] [1.93603007e-02 1.52443420e-02 9.99696348e-01 2.17943359e+01] [0. 0. 0. 1.]
36;[ 0.99977782  0.00786893 -0.01955462 -0.52898182] [-0.00817688  0.99984302 -0.01571856 -0.3688001 ] [1.94278575e-02 1.58749634e-02 9.99685222e-01 2.09406685e+01] [0. 0. 0. 1.];[ 0.99977201  0.00874943 -0.01947754 -0.5720131 ] [-0.00905888  0.99983324 -0.01585646 -0.41082844] [1.93355571e-02 1.60292898e-02 9.99684549e-01 2.26228971e+01] [0. 0. 0. 1.]
37;[ 0.99977201  0.00874943 -0.01947754 -0.5720131 ] [-0.00905888  0.99983324 -0.01585646 -0.41082844] [1.93355571e-02 1.60292898e-02 9.99684549e-01 2.26228971e+01] [0. 0. 0. 1.];[ 0.99975796  0.01030827 -0.01943603 -0.59945292] [-0.0105889   0.99984036 -0.01439169 -0.4473951 ] [1.92845771e-02 1.45940095e-02 9.99707517e-01 2.34527684e+01] [0. 0. 0. 1.]
38;[ 0.99977405  0.00891277 -0.01929787 -0.5917048 ] [-0.00921349  0.99983663 -0.01555084 -0.41348508] [1.91561116e-02 1.57251298e-02 9.99692835e-01 2.26123746e+01] [0. 0. 0. 1.];[ 0.99976238  0.00994141 -0.01939975 -0.62091858] [-0.01016799  0.99988083 -0.01161625 -0.48275061] [1.92819515e-02 1.18107428e-02 9.99744324e-01 2.43063873e+01] [0. 0. 0. 1.]
39;[ 0.99976238  0.00994141 -0.01939975 -0.62091858] [-0.01016799  0.99988083 -0.01161625 -0.48275061] [1.92819515e-02 1.18107428e-02 9.99744324e-01 2.43063873e+01] [0. 0. 0. 1.];[ 0.99974081  0.01086    -0.02000956 -0.65774744] [-0.01108932  0.99987369 -0.01138552 -0.48482845] [1.98833904e-02 1.16044650e-02 9.99734958e-01 2.51512967e+01] [0. 0. 0. 1.]
40;[ 0.9997446   0.01078317 -0.01986115 -0.64159875] [-0.01102927  0.99986323 -0.01232344 -0.46643449] [1.97255465e-02 1.25393503e-02 9.99726796e-01 2.43014033e+01] [0. 0. 0. 1.];[ 0.99973487  0.01090568 -0.02027964 -0.68545126] [-0.01115681  0.99986196 -0.01231205 -0.510147  ] [2.01425729e-02 1.25350448e-02 9.99718535e-01 2.60346497e+01] [0. 0. 0. 1.]
41;[ 0.99972782  0.01070805 -0.02072728 -0.68352727] [-0.01096266  0.99986537 -0.01220947 -0.51121311] [2.05937509e-02 1.24333725e-02 9.99710612e-01 2.60176474e+01] [0. 0. 0. 1.];[ 0.99972894  0.01208771 -0.01989789 -0.70806673] [-0.01236262  0.99982902 -0.01375126 -0.53519179] [1.97282706e-02 1.39935275e-02 9.99707445e-01 2.68706175e+01] [0. 0. 0. 1.]
42;[ 0.99972782  0.01070805 -0.02072728 -0.68352727] [-0.01096266  0.99986537 -0.01220947 -0.51121311] [2.05937509e-02 1.24333725e-02 9.99710612e-01 2.60176474e+01] [0. 0. 0. 1.];[ 0.99969659  0.01215073 -0.02142626 -0.72271458] [-0.01242246  0.99984351 -0.01259494 -0.55445551] [2.12698683e-02 1.28572894e-02 9.99691094e-01 2.77600408e+01] [0. 0. 0. 1.]
43;[ 0.99969659  0.01215073 -0.02142626 -0.72271458] [-0.01242246  0.99984351 -0.01259494 -0.55445551] [2.12698683e-02 1.28572894e-02 9.99691094e-01 2.77600408e+01] [0. 0. 0. 1.];[ 0.99971944  0.01207316 -0.02037839 -0.77451572] [-0.01227347  0.99987731 -0.00973296 -0.58202746] [2.02583802e-02 9.98034592e-03 9.99744963e-01 2.86391890e+01] [0. 0. 0. 1.]
44;[ 0.99968583  0.01198039 -0.02201604 -0.7268124 ] [-0.01225663  0.99984731 -0.01245539 -0.55504504] [2.18634589e-02 1.27213163e-02 9.99680027e-01 2.77776287e+01] [0. 0. 0. 1.];[ 0.99969046  0.01179069 -0.0219079  -0.79471367] [-0.01192509  0.99991081 -0.00601432 -0.59998004] [2.18350316e-02 6.27370767e-03 9.99741903e-01 2.95417658e+01] [0. 0. 0. 1.]
45;[ 0.99967923  0.01175671 -0.02243243 -0.79695895] [-0.01190971  0.99990664 -0.00669911 -0.59247023] [2.23515798e-02 6.96412854e-03 9.99725916e-01 2.95594092e+01] [0. 0. 0. 1.];[ 0.99966925  0.01165172 -0.02292665 -0.80417194] [-0.01173711  0.99992466 -0.00359337 -0.62170188] [2.28830528e-02 3.86127051e-03 9.99730692e-01 3.04383762e+01] [0. 0. 0. 1.]
46;[ 0.99967923  0.01175671 -0.02243243 -0.79695895] [-0.01190971  0.99990664 -0.00669911 -0.59247023] [2.23515798e-02 6.96412854e-03 9.99725916e-01 2.95594092e+01] [0. 0. 0. 1.];[ 0.99966221  0.0116987  -0.02320796 -0.85180616] [-0.01177155  0.9999262  -0.00300476 -0.63764448] [2.31710999e-02 3.27693920e-03 9.99726143e-01 3.13680661e+01] [0. 0. 0. 1.]
47;[ 0.99964303  0.01184905 -0.02394609 -0.84171363] [-0.01192711  0.999924   -0.00311962 -0.6410313 ] [2.39073080e-02 3.40410932e-03 9.99708384e-01 3.13687143e+01] [0. 0. 0. 1.];[ 0.99965022  0.01138778 -0.02386937 -0.87537078] [-0.01151206  0.99992085 -0.00507568 -0.64975599] [2.38096841e-02 5.34869269e-03 9.99702201e-01 3.22699209e+01] [0. 0. 0. 1.]
48;[ 0.99964303  0.01184905 -0.02394609 -0.84171363] [-0.01192711  0.999924   -0.00311962 -0.6410313 ] [2.39073080e-02 3.40410932e-03 9.99708384e-01 3.13687143e+01] [0. 0. 0. 1.];[ 0.99963018  0.01164681 -0.02457347 -0.90815591] [-0.01178326  0.99991591 -0.00541535 -0.67068923] [2.45083304e-02 5.70290637e-03 9.99683359e-01 3.32071075e+01] [0. 0. 0. 1.]
49;[ 0.999633    0.01131294 -0.02461484 -0.91564042] [-0.01144244  0.99992139 -0.00512673 -0.67548506] [2.45549065e-02 5.40650681e-03 9.99683863e-01 3.31948259e+01] [0. 0. 0. 1.];[ 0.99960086  0.0113698  -0.02586198 -0.91102876] [-0.01146544  0.99992796 -0.00355277 -0.69694389] [2.58197244e-02 3.84787304e-03 9.99659210e-01 3.41190232e+01] [0. 0. 0. 1.]
50;[ 0.999633    0.01131294 -0.02461484 -0.91564042] [-0.01144244  0.99992139 -0.00512673 -0.67548506] [2.45549065e-02 5.40650681e-03 9.99683863e-01 3.31948259e+01] [0. 0. 0. 1.];[ 0.99959318  0.01101596 -0.02630808 -0.96948714] [-0.01106883  0.999937   -0.00186499 -0.71131854] [2.62858774e-02 2.15542898e-03 9.99652143e-01 3.50158108e+01] [0. 0. 0. 1.]
51;[ 0.99958533  0.01136676 -0.02645683 -0.97144152] [-0.01142292  0.99993281 -0.00197245 -0.71049296] [2.64326284e-02 2.27384714e-03 9.99648011e-01 3.50248723e+01] [0. 0. 0. 1.];[ 0.99959598  0.0116811  -0.0259119  -1.00996619] [-1.16860589e-02  9.99931715e-01 -4.00783706e-05 -7.21842903e-01] [2.59096646e-02 3.42870193e-04 9.99664229e-01 3.59334930e+01] [0. 0. 0. 1.]
52;[ 0.99958533  0.01136676 -0.02645683 -0.97144152] [-0.01142292  0.99993281 -0.00197245 -0.71049296] [2.64326284e-02 2.27384714e-03 9.99648011e-01 3.50248723e+01] [0. 0. 0. 1.];[ 0.99954348  0.0138883  -0.02683181 -1.04034158] [-1.38885004e-02  9.99903534e-01  1.78778663e-04 -7.44998586e-01] [2.68317085e-02 1.93956612e-04 9.99639946e-01 3.68505216e+01] [0. 0. 0. 1.]
53;[ 0.99954348  0.0138883  -0.02683181 -1.04034158] [-1.38885004e-02  9.99903534e-01  1.78778663e-04 -7.44998586e-01] [2.68317085e-02 1.93956612e-04 9.99639946e-01 3.68505216e+01] [0. 0. 0. 1.];[ 0.9995219   0.01312525 -0.02799453 -1.05913839] [-0.01319235  0.99991053 -0.00221361 -0.78169713] [2.79629754e-02 2.58186299e-03 9.99605625e-01 3.77710448e+01] [0. 0. 0. 1.]
54;[ 0.99953788  0.013877   -0.02704539 -1.03983923] [-1.38863812e-02  9.99903567e-01 -1.59055584e-04 -7.40291042e-01] [2.70405745e-02 5.34544675e-04 9.99634194e-01 3.68442527e+01] [0. 0. 0. 1.];[ 0.99950189  0.01590246 -0.02725972 -1.10215998] [-0.01613715  0.99983441 -0.00841137 -0.77730206] [2.71214411e-02 8.84706974e-03 9.99592996e-01 3.86799607e+01] [0. 0. 0. 1.]
55;[ 0.99950189  0.01590246 -0.02725972 -1.10215998] [-0.01613715  0.99983441 -0.00841137 -0.77730206] [2.71214411e-02 8.84706974e-03 9.99592996e-01 3.86799607e+01] [0. 0. 0. 1.];[ 0.99952024  0.01598248 -0.02653029 -1.14794473] [-0.01619118  0.99983949 -0.00767048 -0.80788529] [2.64034343e-02 8.09635655e-03 9.99618581e-01 3.95828464e+01] [0. 0. 0. 1.]
56;[ 0.99948417  0.01569343 -0.02801989 -1.09023869] [-0.01593008  0.99983913 -0.00824239 -0.77813952] [2.78860337e-02 8.68449345e-03 9.99573383e-01 3.86896911e+01] [0. 0. 0. 1.];[ 0.99949196  0.01665563 -0.02717362 -1.16120888] [-0.01680621  0.9998446  -0.00532262 -0.82749217] [2.70807436e-02 5.77659761e-03 9.99616559e-01 4.05209620e+01] [0. 0. 0. 1.]
57;[ 0.99948287  0.01652101 -0.02758701 -1.15523404] [-0.0166751   0.99984657 -0.00536463 -0.8300422 ] [2.74941502e-02 5.82186955e-03 9.99605011e-01 4.05128788e+01] [0. 0. 0. 1.];[ 0.9994983   0.01699899 -0.02672421 -1.18628076] [-0.01710451  0.99984677 -0.00372474 -0.84155252] [2.66568016e-02 4.17998045e-03 9.99635905e-01 4.14274850e+01] [0. 0. 0. 1.]
58;[ 0.99948287  0.01652101 -0.02758701 -1.15523404] [-0.0166751   0.99984657 -0.00536463 -0.8300422 ] [2.74941502e-02 5.82186955e-03 9.99605011e-01 4.05128788e+01] [0. 0. 0. 1.];[ 0.99952226  0.01426384 -0.02741902 -1.19897363] [-0.01431538  0.99989611 -0.00168411 -0.86780466] [2.73921495e-02 2.07582352e-03 9.99622609e-01 4.23531535e+01] [0. 0. 0. 1.]
59;[ 0.99951981  0.01518384 -0.02701123 -1.22658629] [-0.01524424  0.99988174 -0.00203138 -0.86830873] [2.69771912e-02 2.44216983e-03 9.99633066e-01 4.23702664e+01] [0. 0. 0. 1.];[ 0.9995188   0.01477216 -0.02727554 -1.20605202] [-0.01484657  0.99988659 -0.00252762 -0.89156048] [2.72351095e-02 2.93135276e-03 9.99624758e-01 4.32327315e+01] [0. 0. 0. 1.]
60;[ 0.99951981  0.01518384 -0.02701123 -1.22658629] [-0.01524424  0.99988174 -0.00203138 -0.86830873] [2.69771912e-02 2.44216983e-03 9.99633066e-01 4.23702664e+01] [0. 0. 0. 1.];[ 0.99950193  0.01620488 -0.02707937 -1.24219491] [-0.0163288   0.99985716 -0.00436136 -0.92484256] [2.70048228e-02 4.80135903e-03 9.99623772e-01 4.41657923e+01] [0. 0. 0. 1.]
61;[ 0.99951715  0.015517   -0.02692004 -1.26636476] [-0.01565012  0.99986629 -0.0047417  -0.91718365] [2.68428668e-02 5.16071482e-03 9.99626344e-01 4.41925862e+01] [0. 0. 0. 1.];[ 0.99954665  0.01540863 -0.0258663  -1.31095251] [-0.01558104  0.99985763 -0.00647737 -0.94492578] [2.57628131e-02 6.87745629e-03 9.99644426e-01 4.51260285e+01] [0. 0. 0. 1.]
62;[ 0.99951715  0.015517   -0.02692004 -1.26636476] [-0.01565012  0.99986629 -0.0047417  -0.91718365] [2.68428668e-02 5.16071482e-03 9.99626344e-01 4.41925862e+01] [0. 0. 0. 1.];[ 0.9995377   0.01330996 -0.02733552 -1.2939881 ] [-0.01357706  0.99986166 -0.00960896 -0.95727158] [2.72038390e-02 9.97565360e-03 9.99580131e-01 4.60226136e+01] [0. 0. 0. 1.]
63;[ 0.99954904  0.01365953 -0.02674194 -1.31985559] [-0.01391601  0.99985872 -0.00942834 -0.96606918] [2.66093769e-02 9.79622846e-03 9.99597907e-01 4.60786573e+01] [0. 0. 0. 1.];[ 0.99954429  0.01347935 -0.02700973 -1.32552597] [-0.01382856  0.99982265 -0.01278445 -0.98484201] [2.68326122e-02 1.31521326e-02 9.99553416e-01 4.69380587e+01] [0. 0. 0. 1.]
64;[ 0.99954904  0.01365953 -0.02674194 -1.31985559] [-0.01391601  0.99985872 -0.00942834 -0.96606918] [2.66093769e-02 9.79622846e-03 9.99597907e-01 4.60786573e+01] [0. 0. 0. 1.];[ 0.99957612  0.01083098 -0.02702356 -1.35992685] [-0.01121357  0.99983846 -0.01404652 -1.0297146 ] [2.68670550e-02 1.43435982e-02 9.99536104e-01 4.79179642e+01] [0. 0. 0. 1.]
65;[ 0.99957298  0.01102845 -0.02705963 -1.36429227] [-0.01141596  0.99983389 -0.01420811 -1.02402559] [2.68984434e-02 1.45109558e-02 9.99532844e-01 4.78985934e+01] [0. 0. 0. 1.];[ 0.99960475  0.01013934 -0.02622093 -1.3970652 ] [-0.01047445  0.99986481 -0.01267448 -1.03852906] [2.60888721e-02 1.29441200e-02 9.99575820e-01 4.88689789e+01] [0. 0. 0. 1.]
66;[ 0.99957298  0.01102845 -0.02705963 -1.36429227] [-0.01141596  0.99983389 -0.01420811 -1.02402559] [2.68984434e-02 1.45109558e-02 9.99532844e-01 4.78985934e+01] [0. 0. 0. 1.];[ 0.99960387  0.0086889  -0.02676946 -1.40768439] [-0.00885003  0.99994339 -0.0059068  -1.07835866] [2.67166228e-02 6.14137436e-03 9.99624182e-01 4.97598764e+01] [0. 0. 0. 1.]
67;[ 0.99961299  0.00831035 -0.02654805 -1.42518581] [-0.00848148  0.99994393 -0.00633984 -1.07300916] [2.64938782e-02 6.56254838e-03 9.99627434e-01 4.97848667e+01] [0. 0. 0. 1.];[ 0.99961325  0.00783288 -0.02668315 -1.43161004] [-7.84612356e-03  9.99969142e-01 -3.91834619e-04 -1.09237689e+00] [2.66792562e-02 6.01042360e-04 9.99643865e-01 5.06950075e+01] [0. 0. 0. 1.]
68;[ 0.99961299  0.00831035 -0.02654805 -1.42518581] [-0.00848148  0.99994393 -0.00633984 -1.07300916] [2.64938782e-02 6.56254838e-03 9.99627434e-01 4.97848667e+01] [0. 0. 0. 1.];[ 0.99964366  0.00563762 -0.02609164 -1.48201585] [-5.61321491e-03  9.99983737e-01  1.00867103e-03 -1.12108322e+00] [ 2.60969031e-02 -8.61853614e-04  9.99659046e-01  5.16750114e+01] [0. 0. 0. 1.]
69;[ 0.9996463   0.00568473 -0.02597979 -1.49212563] [-5.66515646e-03  9.99983611e-01  8.27137885e-04 -1.11891263e+00] [ 2.59840692e-02 -6.79665738e-04  9.99662126e-01  5.16722823e+01] [0. 0. 0. 1.];[ 0.99967448  0.00205616 -0.02543029 -1.51279479] [-0.00211732  0.99999493 -0.00237858 -1.13247054] [2.54252705e-02 2.43164508e-03 9.99673768e-01 5.25890094e+01] [0. 0. 0. 1.]
70;[ 0.9996463   0.00568473 -0.02597979 -1.49212563] [-5.66515646e-03  9.99983611e-01  8.27137885e-04 -1.11891263e+00] [ 2.59840692e-02 -6.79665738e-04  9.99662126e-01  5.16722823e+01] [0. 0. 0. 1.];[ 9.99662489e-01  7.91191628e-04 -2.59669311e-02 -1.53543021e+00] [-9.38672433e-04  9.99983497e-01 -5.66786461e-03 -1.15048165e+00] [2.59620182e-02 5.69032609e-03 9.99646735e-01 5.35208435e+01] [0. 0. 0. 1.]
71;[ 9.99671597e-01  4.44706690e-04 -2.56222693e-02 -1.53260239e+00] [-5.97591087e-04  9.99982063e-01 -5.95950815e-03 -1.14349660e+00] [2.56191595e-02 5.97286267e-03 9.99653932e-01 5.35224779e+01] [0. 0. 0. 1.];[ 0.99964787  0.00198447 -0.02646108 -1.54774347] [-0.00224822  0.99994805 -0.00994158 -1.16590296] [2.64399754e-02 9.99757279e-03 9.99600408e-01 5.44456114e+01] [0. 0. 0. 1.]
72;[ 9.99671597e-01  4.44706690e-04 -2.56222693e-02 -1.53260239e+00] [-5.97591087e-04  9.99982063e-01 -5.95950815e-03 -1.14349660e+00] [2.56191595e-02 5.97286267e-03 9.99653932e-01 5.35224779e+01] [0. 0. 0. 1.];[ 0.99963766  0.00299237 -0.02675069 -1.56656265] [-0.00336713  0.99989667 -0.01397554 -1.2004091 ] [2.67061050e-02 1.40605516e-02 9.99544439e-01 5.53844514e+01] [0. 0. 0. 1.]
73;[ 0.99966078  0.00270194 -0.0259041  -1.5902789 ] [-0.00307135  0.99989401 -0.01423169 -1.1974979 ] [2.58629010e-02 1.43064252e-02 9.99563123e-01 5.53902188e+01] [0. 0. 0. 1.];[ 0.99965439  0.00560115 -0.02568527 -1.59956685] [-0.0059863   0.99987044 -0.0149424  -1.21412015] [2.55982449e-02 1.50909970e-02 9.99558398e-01 5.63255512e+01] [0. 0. 0. 1.]
74;[ 0.99966078  0.00270194 -0.0259041  -1.5902789 ] [-0.00307135  0.99989401 -0.01423169 -1.1974979 ] [2.58629010e-02 1.43064252e-02 9.99563123e-01 5.53902188e+01] [0. 0. 0. 1.];[ 0.99965661  0.0101457  -0.02416052 -1.66014649] [-0.01041826  0.9998832  -0.01118218 -1.24981581] [2.40442430e-02 1.14300490e-02 9.99645551e-01 5.72738734e+01] [0. 0. 0. 1.]
75;[ 0.99965626  0.00979873 -0.02431744 -1.65475474] [-0.01007985  0.99988347 -0.01146526 -1.24709893] [2.42022655e-02 1.17064335e-02 9.99638540e-01 5.72533646e+01] [0. 0. 0. 1.];[ 0.99964872  0.01115147 -0.02404332 -1.67915765] [-0.01137853  0.99989175 -0.00932803 -1.27193835] [2.39366982e-02 9.59833125e-03 9.99667398e-01 5.81943322e+01] [0. 0. 0. 1.]
76;[ 0.99965626  0.00979873 -0.02431744 -1.65475474] [-0.01007985  0.99988347 -0.01146526 -1.24709893] [2.42022655e-02 1.17064335e-02 9.99638540e-01 5.72533646e+01] [0. 0. 0. 1.];[ 0.99963014  0.01100705 -0.02486814 -1.68281678] [-0.01122581  0.99989936 -0.00867423 -1.29590589] [2.47701571e-02 8.95019056e-03 9.99653107e-01 5.91245944e+01] [0. 0. 0. 1.]
77;[ 0.99965675  0.0106144  -0.02395222 -1.7124264 ] [-0.01082048  0.99990541 -0.00849074 -1.29840203] [2.38598280e-02 8.74699724e-03 9.99677047e-01 5.90967673e+01] [0. 0. 0. 1.];[ 0.99964486  0.00982432 -0.02477161 -1.7103199 ] [-0.01001648  0.99992061 -0.00764488 -1.32964044] [2.46945330e-02 7.89028858e-03 9.99663905e-01 6.00357712e+01] [0. 0. 0. 1.]
78;[ 0.99965675  0.0106144  -0.02395222 -1.7124264 ] [-0.01082048  0.99990541 -0.00849074 -1.29840203] [2.38598280e-02 8.74699724e-03 9.99677047e-01 5.90967673e+01] [0. 0. 0. 1.];[ 0.99965686  0.00868827 -0.0247117  -1.73913042] [-0.00884481  0.99994146 -0.0062327  -1.36064541] [2.46560983e-02 6.44912926e-03 9.99675190e-01 6.09408426e+01] [0. 0. 0. 1.]
79;[ 0.99967601  0.00844003 -0.02401327 -1.76809808] [-0.00859361  0.99994323 -0.00629995 -1.35218431] [2.39587386e-02 6.50426563e-03 9.99691789e-01 6.09231183e+01] [0. 0. 0. 1.];[ 0.99964146  0.00712127 -0.02581142 -1.76275621] [-0.0072393   0.99996375 -0.00448239 -1.36971662] [2.57785608e-02 4.66763517e-03 9.99656781e-01 6.18614030e+01] [0. 0. 0. 1.]
80;[ 0.99967601  0.00844003 -0.02401327 -1.76809808] [-0.00859361  0.99994323 -0.00629995 -1.35218431] [2.39587386e-02 6.50426563e-03 9.99691789e-01 6.09231183e+01] [0. 0. 0. 1.];[ 0.99965803  0.0073744  -0.02508859 -1.81641667] [-0.00742357  0.9999707  -0.00186739 -1.41378582] [2.50740831e-02 2.05299818e-03 9.99683488e-01 6.27768962e+01] [0. 0. 0. 1.]
81;[ 0.99966724  0.00680752 -0.02488098 -1.83495137] [-0.00686925  0.99997354 -0.00239633 -1.39818984] [2.48640090e-02 2.56644957e-03 9.99687548e-01 6.27824605e+01] [0. 0. 0. 1.];[ 0.99962926  0.00600199 -0.02655784 -1.82728554] [-0.00609335  0.99997579 -0.00336057 -1.42573393] [2.65370232e-02 3.52115240e-03 9.99641630e-01 6.36974846e+01] [0. 0. 0. 1.]
82;[ 0.99966724  0.00680752 -0.02488098 -1.83495137] [-0.00686925  0.99997354 -0.00239633 -1.39818984] [2.48640090e-02 2.56644957e-03 9.99687548e-01 6.27824605e+01] [0. 0. 0. 1.];[ 0.9996484   0.00591398 -0.02584748 -1.89058052] [-0.00609377  0.99995775 -0.00688271 -1.45257483] [2.58056865e-02 7.03780088e-03 9.99642204e-01 6.46330474e+01] [0. 0. 0. 1.]
83;[ 0.99965399  0.00572547 -0.02567336 -1.90220091] [-0.00591817  0.99995484 -0.00743632 -1.44721058] [2.56296204e-02 7.58569101e-03 9.99642726e-01 6.46455426e+01] [0. 0. 0. 1.];[ 0.99961149  0.0066919  -0.02705694 -1.90752634] [-0.00695412  0.99992965 -0.00960911 -1.46374606] [2.69907323e-02 9.79353125e-03 9.99587709e-01 6.55543670e+01] [0. 0. 0. 1.]
84;[ 0.99965399  0.00572547 -0.02567336 -1.90220091] [-0.00591817  0.99995484 -0.00743632 -1.44721058] [2.56296204e-02 7.58569101e-03 9.99642726e-01 6.46455426e+01] [0. 0. 0. 1.];[ 0.99957222  0.00838591 -0.02801887 -1.94471591] [-0.00862046  0.99992872 -0.00826101 -1.48682136] [2.79475999e-02 8.49901433e-03 9.99573258e-01 6.64946461e+01] [0. 0. 0. 1.]
85;[ 0.99957186  0.00786945 -0.02818103 -1.94214186] [-0.00810389  0.99993342 -0.00821436 -1.48664876] [2.81145107e-02 8.43921488e-03 9.99569084e-01 6.65006180e+01] [0. 0. 0. 1.];[ 0.99957594  0.00966319 -0.02746938 -1.9933591 ] [-0.00976424  0.99994604 -0.00354685 -1.51581905] [2.74336250e-02 3.81356827e-03 9.99616353e-01 6.73808764e+01] [0. 0. 0. 1.]
86;[ 0.99957186  0.00786945 -0.02818103 -1.94214186] [-0.00810389  0.99993342 -0.00821436 -1.48664876] [2.81145107e-02 8.43921488e-03 9.99569084e-01 6.65006180e+01] [0. 0. 0. 1.];[ 0.99951679  0.01056963 -0.02923131 -2.00952198] [-1.05588654e-02  9.99944117e-01  5.22727236e-04 -1.53616784e+00] [ 2.92352057e-02 -2.13825138e-04  9.99572537e-01  6.83339209e+01] [0. 0. 0. 1.]
87;[ 0.9995305   0.00988609 -0.02900067 -2.00667633] [-9.86231704e-03  9.99950903e-01  9.62701893e-04 -1.54053670e+00] [ 2.90087610e-02 -6.76236130e-04  9.99578929e-01  6.83050295e+01] [0. 0. 0. 1.];[ 0.99950142  0.0112817  -0.02948955 -2.05263611] [-1.12557125e-02  9.99936104e-01  1.04712705e-03 -1.55236993e+00] [ 2.94994795e-02 -7.14679078e-04  9.99564540e-01  6.92475414e+01] [0. 0. 0. 1.]
88;[ 0.9995305   0.00988609 -0.02900067 -2.00667633] [-9.86231704e-03  9.99950903e-01  9.62701893e-04 -1.54053670e+00] [ 2.90087610e-02 -6.76236130e-04  9.99578929e-01  6.83050295e+01] [0. 0. 0. 1.];[ 0.99944854  0.01078076 -0.0314068  -2.05074636] [-1.07989480e-02  9.99941606e-01 -4.09697821e-04 -1.57957487e+00] [3.14005491e-02 7.48632288e-04 9.99506601e-01 7.01237249e+01] [0. 0. 0. 1.]
89;[ 0.99946575  0.01118225 -0.03071101 -2.0603423 ] [-1.12030738e-02  9.99937116e-01 -5.06091673e-04 -1.57965055e+00] [3.07034237e-02 8.49879054e-04 9.99528177e-01 7.01167563e+01] [0. 0. 0. 1.];[ 0.99943782  0.01122322 -0.0315924  -2.08700099] [-1.12626447e-02  9.99936001e-01 -1.07039394e-03 -1.60538680e+00] [3.15783665e-02 1.42560619e-03 9.99500262e-01 7.10301147e+01] [0. 0. 0. 1.]
90;[ 0.99946575  0.01118225 -0.03071101 -2.0603423 ] [-1.12030738e-02  9.99937116e-01 -5.06091673e-04 -1.57965055e+00] [3.07034237e-02 8.49879054e-04 9.99528177e-01 7.01167563e+01] [0. 0. 0. 1.];[ 0.99943391  0.01073886 -0.03188325 -2.1218558 ] [-0.01079701  0.99994035 -0.00165209 -1.61855011] [3.18636057e-02 1.99539863e-03 9.99490235e-01 7.19297292e+01] [0. 0. 0. 1.]
91;[ 0.99944962  0.0105128  -0.03146324 -2.12700212] [-0.01057615  0.99994236 -0.00184776 -1.6123718 ] [3.14419997e-02 2.17950137e-03 9.99503202e-01 7.19219949e+01] [0. 0. 0. 1.];[ 0.99942512  0.00918034 -0.03263675 -2.1592381 ] [-9.23547188e-03  9.99956168e-01 -1.53899382e-03 -1.63480936e+00] [3.26211908e-02 1.83952486e-03 9.99466095e-01 7.28135248e+01] [0. 0. 0. 1.]
92;[ 0.99944962  0.0105128  -0.03146324 -2.12700212] [-0.01057615  0.99994236 -0.00184776 -1.6123718 ] [3.14419997e-02 2.17950137e-03 9.99503202e-01 7.19219949e+01] [0. 0. 0. 1.];[ 0.99942526  0.00854751 -0.03280383 -2.19074421] [-8.55495056e-03  9.99963402e-01 -8.64478651e-05 -1.65273450e+00] [3.28018903e-02 3.67033322e-04 9.99461806e-01 7.36670524e+01] [0. 0. 0. 1.]
93;[ 0.9994208   0.00816455 -0.03303636 -2.17628561] [-8.16210454e-03  9.99966668e-01  2.08736671e-04 -1.65850443e+00] [3.30369616e-02 6.10304408e-05 9.99454129e-01 7.36720180e+01] [0. 0. 0. 1.];[ 0.99939347  0.0082691  -0.03382769 -2.2220116 ] [-0.00819039  0.99996342  0.0024647  -1.67127358] [ 3.38468291e-02 -2.18614186e-03  9.99424641e-01  7.45321537e+01] [0. 0. 0. 1.]
94;[ 0.9994208   0.00816455 -0.03303636 -2.17628561] [-8.16210454e-03  9.99966668e-01  2.08736671e-04 -1.65850443e+00] [3.30369616e-02 6.10304408e-05 9.99454129e-01 7.36720180e+01] [0. 0. 0. 1.];[ 0.99932694  0.00721793 -0.03596618 -2.21777214] [-0.007087    0.99996779  0.0037665  -1.69717041] [ 3.59922079e-02 -3.50907673e-03  9.99345910e-01  7.53764867e+01] [0. 0. 0. 1.]
95;[ 0.99933814  0.00699733 -0.0356975  -2.22857414] [-0.00685774  0.99996836  0.00403146 -1.69894328] [ 3.57245839e-02 -3.78398527e-03  9.99354509e-01  7.53802417e+01] [0. 0. 0. 1.];[ 0.99928844  0.00615294 -0.03721221 -2.26642575] [-0.00599551  0.99997261  0.0043407  -1.71632146] [ 3.72379027e-02 -4.11450149e-03  9.99297958e-01  7.61873998e+01] [0. 0. 0. 1.]
96;[ 0.99933814  0.00699733 -0.0356975  -2.22857414] [-0.00685774  0.99996836  0.00403146 -1.69894328] [ 3.57245839e-02 -3.78398527e-03  9.99354509e-01  7.53802417e+01] [0. 0. 0. 1.];[ 0.99919281  0.00504071 -0.0398537  -2.31882927] [-0.00489613  0.99998108  0.00372456 -1.73222278] [ 3.98717206e-02 -3.52642246e-03  9.99198584e-01  7.69763585e+01] [0. 0. 0. 1.]
97;[ 0.99918852  0.00486054 -0.03998343 -2.30981702] [-0.00471661  0.99998206  0.00369336 -1.73265481] [ 4.00006635e-02 -3.50177616e-03  9.99193517e-01  7.69483856e+01] [0. 0. 0. 1.];[ 0.99906096  0.00521342 -0.0430119  -2.36687516] [-0.00509843  0.99998313  0.00278276 -1.74916344] [ 4.30256852e-02 -2.56085385e-03  9.99070684e-01  7.77515558e+01] [0. 0. 0. 1.]
98;[ 0.99906066  0.0053933  -0.04299666 -2.35289931] [-0.00529752  0.99998323  0.00234136 -1.74578969] [ 4.30085615e-02 -2.11138101e-03  9.99072473e-01  7.77407596e+01] [0. 0. 0. 1.];[ 0.99885737  0.00484203 -0.0475448  -2.37211572] [-0.0046939   0.99998378  0.00322672 -1.76572846] [ 4.75596527e-02 -2.99986229e-03  9.98863895e-01  7.84753907e+01] [0. 0. 0. 1.]
99;[ 0.99906066  0.0053933  -0.04299666 -2.35289931] [-0.00529752  0.99998323  0.00234136 -1.74578969] [ 4.30085615e-02 -2.11138101e-03  9.99072473e-01  7.77407596e+01] [0. 0. 0. 1.];[ 0.99875148  0.00637975 -0.04954568 -2.42680224] [-0.006182    0.99997231  0.0041436  -1.78204277] [ 4.95707432e-02 -3.83213262e-03  9.98763263e-01  7.92621558e+01] [0. 0. 0. 1.]
100;[ 0.99876995  0.00658625 -0.04914481 -2.43514406] [-0.0063973   0.99997153  0.00400112 -1.77811998] [ 4.91697588e-02 -3.68180098e-03  9.98783650e-01  7.92531727e+01] [0. 0. 0. 1.];[ 0.99868327  0.00911111 -0.05048487 -2.51052866] [-0.00882596  0.99994383  0.00586829 -1.8006306 ] [ 5.05354963e-02 -5.41498205e-03  9.98707586e-01  7.99720176e+01] [0. 0. 0. 1.]
101;[ 0.99876995  0.00658625 -0.04914481 -2.43514406] [-0.0063973   0.99997153  0.00400112 -1.77811998] [ 4.91697588e-02 -3.68180098e-03  9.98783650e-01  7.92531727e+01] [0. 0. 0. 1.];[ 0.9984103   0.00863857 -0.05569783 -2.50076238] [-0.00829742  0.99994539  0.00635347 -1.80129267] [ 5.57496741e-02 -5.88122481e-03  9.98427456e-01  8.06640236e+01] [0. 0. 0. 1.]
102;[ 0.99843555  0.0087226  -0.05523021 -2.51723037] [-0.00838341  0.99994457  0.00636997 -1.80363573] [ 5.52827118e-02 -5.89698711e-03  9.98453328e-01  8.06645143e+01] [0. 0. 0. 1.];[ 0.9982859   0.01041681 -0.05759129 -2.55843691] [-0.0099941   0.999921    0.00762306 -1.82112271] [ 5.76661444e-02 -7.03441524e-03  9.98311140e-01  8.13207004e+01] [0. 0. 0. 1.]
103;[ 0.99843555  0.0087226  -0.05523021 -2.51723037] [-0.00838341  0.99994457  0.00636997 -1.80363573] [ 5.52827118e-02 -5.89698711e-03  9.98453328e-01  8.06645143e+01] [0. 0. 0. 1.];[ 0.99811233  0.01233132 -0.06016412 -2.60618874] [-0.01187097  0.99989751  0.008003   -1.83224626] [ 6.02566372e-02 -7.27368661e-03  9.98156416e-01  8.19592726e+01] [0. 0. 0. 1.]
104;[ 0.99816597  0.01274533 -0.05917983 -2.62696066] [-0.01231641  0.99989522  0.00760675 -1.82780023] [ 5.92705790e-02 -6.86391701e-03  9.98218355e-01  8.19642819e+01] [0. 0. 0. 1.];[ 0.99793856  0.01426864 -0.06257025 -2.66359662] [-0.01391136  0.99988437  0.00614193 -1.8320499 ] [ 6.26506495e-02 -5.25882716e-03  9.98021664e-01  8.25888497e+01] [0. 0. 0. 1.]
105;[ 0.99816597  0.01274533 -0.05917983 -2.62696066] [-0.01231641  0.99989522  0.00760675 -1.82780023] [ 5.92705790e-02 -6.86391701e-03  9.98218355e-01  8.19642819e+01] [0. 0. 0. 1.];[ 0.99777122  0.01570405 -0.0648535  -2.70955951] [-0.01558053  0.99987571  0.0024099  -1.84814194] [ 6.48832891e-02 -1.39408142e-03  9.97891886e-01  8.31927664e+01] [0. 0. 0. 1.]
106;[ 0.99778392  0.01545236 -0.06471843 -2.71872753] [-0.0153321   0.99987968  0.00235442 -1.84995371] [ 6.47470250e-02 -1.35693691e-03  9.97900787e-01  8.32032255e+01] [0. 0. 0. 1.];[ 0.99760192  0.01790683 -0.06685617 -2.76214664] [-1.80000411e-02  9.99837672e-01 -7.92030668e-04 -1.87081115e+00] [6.68311324e-02 1.99354508e-03 9.97762309e-01 8.37630808e+01] [0. 0. 0. 1.]
107;[ 0.99778392  0.01545236 -0.06471843 -2.71872753] [-0.0153321   0.99987968  0.00235442 -1.84995371] [ 6.47470250e-02 -1.35693691e-03  9.97900787e-01  8.32032255e+01] [0. 0. 0. 1.];[ 0.99734844  0.01945761 -0.07012479 -2.79145968] [-0.0197079   0.99980164 -0.00287903 -1.89340123] [7.00548623e-02 4.25340382e-03 9.97534072e-01 8.43189432e+01] [0. 0. 0. 1.]
108;[ 0.99737823  0.01954646 -0.06967495 -2.79958153] [-0.01980432  0.99979934 -0.00301205 -1.88905808] [6.96020903e-02 4.38401851e-03 9.97565201e-01 8.42961046e+01] [0. 0. 0. 1.];[ 0.99725191  0.02177765 -0.07081211 -2.83658746] [-0.02214381  0.99974516 -0.00438993 -1.89384866] [7.06984664e-02 5.94591579e-03 9.97480011e-01 8.48338877e+01] [0. 0. 0. 1.]
109;[ 0.99737823  0.01954646 -0.06967495 -2.79958153] [-0.01980432  0.99979934 -0.00301205 -1.88905808] [6.96020903e-02 4.38401851e-03 9.97565201e-01 8.42961046e+01] [0. 0. 0. 1.];[ 0.9973275   0.0242923  -0.0689039  -2.89647231] [-0.02458896  0.99969166 -0.00346048 -1.91424378] [6.87985901e-02 5.14550446e-03 9.97617300e-01 8.53135320e+01] [0. 0. 0. 1.]
110;[ 0.99734603  0.02408718 -0.06870744 -2.90222735] [-0.02438042  0.99969686 -0.00343245 -1.91690698] [6.86039326e-02 5.09845713e-03 9.97630947e-01 8.53119639e+01] [0. 0. 0. 1.];[ 0.99743166  0.02798748 -0.06593011 -2.93700078] [-0.02819271  0.99960012 -0.00218436 -1.92479781] [6.58426136e-02 4.03749604e-03 9.97821852e-01 8.57929061e+01] [0. 0. 0. 1.]
111;[ 0.99734603  0.02408718 -0.06870744 -2.90222735] [-0.02438042  0.99969686 -0.00343245 -1.91690698] [6.86039326e-02 5.09845713e-03 9.97630947e-01 8.53119639e+01] [0. 0. 0. 1.];[ 0.9977233   0.030617   -0.06009001 -2.97489278] [-3.07166524e-02  9.99527862e-01 -7.35222766e-04 -1.93906052e+00] [6.00391322e-02 2.57931294e-03 9.98192692e-01 8.62529540e+01] [0. 0. 0. 1.]
